1   0   0   0   1   51   1   0   0   0   0    24930   
1   0   0   1   1   47   1   0   0   1   0    22887   
1   0   0   2   1   60   1   0   0   2   0    27107   
1   0   1   0   1   12   1   0   1   0   0     8750   
1   0   1   1   1    7   1   0   1   1   0     7115   
1   0   1   2   1    7   1   0   1   2   0     8524   
1   0   2   0   1   16   1   0   2   0   0    29397   
1   0   2   1   1   30   1   0   2   1   0    38144   
1   0   2   2   1   26   1   0   2   2   0    28966   
1   0   3   0   1    9   1   0   3   0   0    26825   
1   0   3   1   1   10   1   0   3   1   0    44270   
1   0   3   2   1   28   1   0   3   2   0    75327   
1   0   4   0   1    1   1   0   4   0   0     8902   
1   0   4   1   1    0   1   0   4   1   0      822   
1   0   4   2   1    0   1   0   4   2   0     2083   
0   0   0   0   1   12   0   0   0   0   0    87430   
0   0   0   1   1    9   0   0   0   1   0    77277   
0   0   0   2   1   13   0   0   0   2   0   100842   
0   0   1   0   1   14   0   0   1   0   0    33328
0   0   1   1   1    3   0   0   1   1   0    31045   
0   0   1   2   1    5   0   0   1   2   0    37760   
0   0   2   0   1   24   0   0   2   0   0   104848  
0   0   2   1   1   26   0   0   2   1   0   140791  
0   0   2   2   1   25   0   0   2   2   0   108455  
0   0   3   0   1    7   0   0   3   0   0    45284  
0   0   3   1   1    7   0   0   3   1   0    76069  
0   0   3   2   1   17   0   0   3   2   0   129138  
0   0   4   0   1    4   0   0   4   0   0    31002  
0   0   4   1   1    0   0   0   4   1   0     9253  
0   0   4   2   1    1   0   0   4   2   0    19828  
1   1   0   0   1   34   1   1   0   0   0    30932   
1   1   0   1   1   27   1   1   0   1   0    19115   
1   1   0   2   1   40   1   1   0   2   0    25596   
1   1   1   0   1   19   1   1   1   0   0    13467   
1   1   1   1   1   15   1   1   1   1   0     9499   
1   1   1   2   1   17   1   1   1   2   0    12160   
1   1   2   0   1    8   1   1   2   0   0    27698   
1   1   2   1   1   21   1   1   2   1   0    39346   
1   1   2   2   1   20   1   1   2   2   0    32816   
1   1   3   0   1   22   1   1   3   0   0    51329   
1   1   3   1   1    6   1   1   3   1   0    49201   
1   1   3   2   1   25   1   1   3   2   0    80190   
1   1   4   0   1    0   1   1   4   0   0      227   
1   1   4   1   1    0   1   1   4   1   0      221   
1   1   4   2   1    0   1   1   4   2   0     1179   
0   1   0   0   1   10   0   1   0   0   0   127003
0   1   0   1   1    8   0   1   0   1   0    77761
0   1   0   2   1    4   0   1   0   2   0   106237
0   1   1   0   1   11   0   1   1   0   0    76235
0   1   1   1   1    4   0   1   1   1   0    56197
0   1   1   2   1   14   0   1   1   2   0    74101
0   1   2   0   1   16   0   1   2   0   0   118889
0   1   2   1   1   31   0   1   2   1   0   164576
0   1   2   2   1   22   0   1   2   2   0   140615
0   1   3   0   1   10   0   1   3   0   0   129613
0   1   3   1   1    9   0   1   3   1   0   130979
0   1   3   2   1    9   0   1   3   2   0   213665
0   1   4   0   1    0   0   1   4   0   0     3897
0   1   4   1   1    0   0   1   4   1   0     3265
0   1   4   2   1    0   0   1   4   2   0     9867